,lh_caudalanteriorcingulate_thickness,lh_caudalmiddlefrontal_thickness,lh_inferiorparietal_thickness,lh_inferiortemporal_thickness,lh_isthmuscingulate_thickness,lh_lateraloccipital_thickness,lh_lateralorbitofrontal_thickness,lh_medialorbitofrontal_thickness,lh_middletemporal_thickness,lh_parahippocampal_thickness,lh_parsopercularis_thickness,lh_parstriangularis_thickness,lh_pericalcarine_thickness,lh_postcentral_thickness,lh_posteriorcingulate_thickness,lh_precuneus_thickness,lh_rostralanteriorcingulate_thickness,lh_superiorparietal_thickness,lh_supramarginal_thickness,lh_frontalpole_thickness,lh_temporalpole_thickness,lh_insula_thickness,rh_bankssts_thickness,rh_caudalmiddlefrontal_thickness,rh_fusiform_thickness,rh_lateralorbitofrontal_thickness,rh_lingual_thickness,rh_medialorbitofrontal_thickness,rh_parsopercularis_thickness,rh_parstriangularis_thickness,rh_posteriorcingulate_thickness,rh_precentral_thickness,rh_rostralanteriorcingulate_thickness,rh_superiorfrontal_thickness,rh_superiorparietal_thickness,rh_supramarginal_thickness,rh_frontalpole_thickness,rh_temporalpole_thickness,rh_transversetemporal_thickness
lh_caudalanteriorcingulate_thickness,1.0,0.9199547705199631,0.942021232923661,0.8930913537563543,0.9536240807149154,0.9063804644505399,0.9155452872741148,0.9077144820841361,0.8676517688717871,0.9402959408951748,0.8715129124877435,0.9072311996463447,0.8214759358612297,0.9194619835464878,0.9570534331915619,0.9013177339660549,0.9796134053390725,0.9180781431936762,0.9199311512814503,0.9751475483461232,0.9521291159267201,0.907581157423534,0.8819135226386022,0.924471273172836,0.9139496202369125,0.9713928750820868,0.8794213650250312,0.935875143912287,0.8389237176424456,0.9302039134201922,0.961019298544189,0.8986644576261322,0.9159934316233952,0.9276580913186193,0.9179740110748759,0.9194551956916178,0.9864595963582394,0.9441074400218958,0.9419244532927452
lh_caudalmiddlefrontal_thickness,0.9199547705199631,1.0,0.9979690771167607,0.9802392575185241,0.9864217513111373,0.996712894587564,0.9830462373620422,0.9617545551512353,0.9904775534377795,0.9913918689282817,0.9926188680028121,0.9993400284690347,0.9607608453576915,0.999045714002782,0.9917235326313368,0.9961351176280943,0.9278091448073892,0.9977365867044428,0.9998348335061866,0.9826384670059511,0.9942268007997421,0.9846727872503681,0.993100122528104,0.9997680039207372,0.9957358764476157,0.9644985134568023,0.9835256307808145,0.9348707883536354,0.9808003645683138,0.999025531000531,0.991637554247113,0.9984466245856974,0.8605519611014503,0.9995353494161004,0.9989509222386396,0.9997644939946286,0.9707074081176609,0.9970593213693333,0.9950849402050416
lh_inferiorparietal_thickness,0.942021232923661,0.9979690771167607,1.0,0.9775518870072828,0.9908754341884035,0.9939113366882395,0.9835020996121627,0.9639701237604174,0.9819687181080129,0.9937230739934805,0.984141812706029,0.995439953981355,0.950733811028474,0.9969573459598045,0.9967495856339015,0.9922035708014977,0.9454182231604102,0.9967308422313782,0.9978790022329491,0.9912406964244982,0.9981498491170253,0.9829788139990285,0.9861613873159035,0.998605676591911,0.9937723758047095,0.9760769093125133,0.9786065695123978,0.9458427025241631,0.9693357255935562,0.9988235404573352,0.9971482226293841,0.9930813749838353,0.8796487879587429,0.9985576597404051,0.9975577085601067,0.9978045707979939,0.9830551215735334,0.9992146757689598,0.9970147194064031
lh_inferiortemporal_thickness,0.8930913537563543,0.9802392575185241,0.9775518870072828,1.0,0.9429519778519697,0.990343555265504,0.9984336655633445,0.9932498193013759,0.9893229636385209,0.9491721785850399,0.9865853448008978,0.9833940247638838,0.9879499940485963,0.973069808068607,0.9802447889585454,0.9924605143186169,0.9374773486539232,0.987523286942632,0.9769795619016608,0.962742582452251,0.9799368097653028,0.9980466405491886,0.9917027852339483,0.9831515825465175,0.9942583675186372,0.9701962843522303,0.9977643616677334,0.9699910410739596,0.9861665565368077,0.9847271009068141,0.9738711582411779,0.9762949954049762,0.9124873747520695,0.982345771754373,0.9831544177865119,0.976486579254106,0.9453101523669838,0.9800474935412007,0.9871801165442265
lh_isthmuscingulate_thickness,0.9536240807149154,0.9864217513111373,0.9908754341884035,0.9429519778519697,1.0,0.9726336755810169,0.9529756904881834,0.9261180273709337,0.9552171056797122,0.9972835480079235,0.9607064879420137,0.9806423542148541,0.9053598693750736,0.9898265851998109,0.9865359182491759,0.9698578666081087,0.9334353842269596,0.9781802161818653,0.9880784358559996,0.989048111903346,0.9870825204551884,0.9539607626472975,0.961363966119135,0.985669625444729,0.9715397575451048,0.9594917118699694,0.9449636049285665,0.9118419814457848,0.93688322167268,0.9857423990145389,0.9911525520651021,0.9813807137500422,0.8419846028502815,0.9869032696391059,0.9822583886859845,0.9880635392433558,0.9855921589454983,0.9886462425020592,0.9830134892347818
lh_lateraloccipital_thickness,0.9063804644505399,0.996712894587564,0.9939113366882395,0.990343555265504,0.9726336755810169,1.0,0.9906597542538582,0.972746783084314,0.9955123353900205,0.9796635278430545,0.9955461966389391,0.9978517818481848,0.9780822968078418,0.9941898291424396,0.9888961752883608,0.9994169413189008,0.925355109426122,0.9993055553082509,0.9958471497540369,0.9745435492780594,0.9904924176366229,0.9905873776815322,0.9968966558346897,0.997446047606866,0.9987421799889823,0.9645594734768714,0.9939738665216721,0.9450405816526459,0.9889118175866299,0.9969938389547368,0.9865549089421946,0.9951571745647724,0.8728843452115992,0.9960571506091385,0.9985546462936483,0.9957818098639833,0.9599285175541522,0.9928907076166837,0.9936689514778623
lh_lateralorbitofrontal_thickness,0.9155452872741148,0.9830462373620422,0.9835020996121627,0.9984336655633445,0.9529756904881834,0.9906597542538582,1.0,0.9952030535311333,0.9851464915147642,0.957632519498452,0.9830362516955387,0.9843590514258447,0.9791434784050943,0.9759665187653892,0.9877255344281403,0.9919857678591764,0.9539552282699147,0.9898100885098929,0.9800015869111265,0.974245449649189,0.9872064992611561,0.9986073510691557,0.9889364466245318,0.9862982139275849,0.995293494059284,0.9818366063976673,0.9944626837326651,0.978351059361375,0.9790562640738737,0.9884393421564905,0.9822652134152396,0.9766100590537746,0.9263023284756369,0.9859412407218628,0.9857083507142266,0.9795281196730318,0.9604820173758949,0.986182913512823,0.9920667376892743
lh_medialorbitofrontal_thickness,0.9077144820841361,0.9617545551512353,0.9639701237604174,0.9932498193013759,0.9261180273709337,0.972746783084314,0.9952030535311333,1.0,0.967377412539719,0.9298313180661666,0.9636180828465198,0.9633776786499206,0.9699338400511539,0.9512631732424232,0.974145854598263,0.9754598331806301,0.9608552390974038,0.9714826357589778,0.9570867543215075,0.9611566804802565,0.972851899772615,0.992800940521182,0.9726103652229315,0.96669913845905,0.981457465391406,0.9812750193137219,0.9838704506035638,0.9897909637002944,0.9621257011199793,0.9703863160457614,0.966365541003369,0.9522606109414993,0.9517916698261792,0.96700678171707,0.9649757607852246,0.9563131826601139,0.9476085853193199,0.9695531212665769,0.9786849802619105
lh_middletemporal_thickness,0.8676517688717871,0.9904775534377795,0.9819687181080129,0.9893229636385209,0.9552171056797122,0.9955123353900205,0.9851464915147642,0.967377412539719,1.0,0.9652160490073118,0.9996379150836202,0.9945960046316515,0.9871595952409234,0.986915308357773,0.9741095129752111,0.9972512325324874,0.8976754883234561,0.9921651935343125,0.9890283034758672,0.9544844812704065,0.9770821406627241,0.9884863850824079,0.999410741284257,0.9903192478066999,0.9943154833462463,0.9435931008396028,0.9948171038620888,0.9283445287665013,0.9982397295779751,0.9889322380804771,0.9703636379789485,0.993123503618103,0.8484850169319256,0.9889469079879692,0.9913894847442221,0.9889002000194203,0.9345004730933536,0.9815679204921078,0.9836284575790931
lh_parahippocampal_thickness,0.9402959408951748,0.9913918689282817,0.9937230739934805,0.9491721785850399,0.9972835480079235,0.9796635278430545,0.957632519498452,0.9298313180661666,0.9652160490073118,1.0,0.9700985807735631,0.9866809376680131,0.9181294170986788,0.9934844000110435,0.9852184889474466,0.9765166803855561,0.9237519325697101,0.9847203987614535,0.992935405795739,0.98497030574525,0.9888900850030748,0.9582187431192836,0.9695035422032479,0.9902344990761612,0.9769956759989566,0.9560103611169752,0.952885123625599,0.9098534066457287,0.9491151564619504,0.9890157586306655,0.989092489064522,0.9878090319048914,0.8358677736140023,0.9905884341468205,0.9886564559974512,0.9930928146919092,0.980229872753796,0.9914241549031106,0.9836150164142833
lh_parsopercularis_thickness,0.8715129124877435,0.9926188680028121,0.984141812706029,0.9865853448008978,0.9607064879420137,0.9955461966389391,0.9830362516955387,0.9636180828465198,0.9996379150836202,0.9700985807735631,1.0,0.9962565774586346,0.9828045767561772,0.9897648513272375,0.975564590311386,0.9972507404367569,0.8974434030412466,0.9926836735107972,0.9914831224537586,0.9572959683272775,0.9787378320961538,0.9870373651491425,0.9992881953194315,0.9920578573270775,0.9941621359982032,0.9431780080094333,0.9924152535035123,0.9242704326202229,0.9970127406518425,0.9905081228704337,0.9726079411954692,0.9955393794418422,0.8427552662560928,0.9909815103199411,0.9926404597534695,0.9913737350089356,0.9379879660463176,0.9835351591148398,0.9847055666968394
lh_parstriangularis_thickness,0.9072311996463447,0.9993400284690347,0.995439953981355,0.9833940247638838,0.9806423542148541,0.9978517818481848,0.9843590514258447,0.9633776786499206,0.9945960046316515,0.9866809376680131,0.9962565774586346,1.0,0.9688138093896888,0.9979374357386569,0.9886188433863928,0.9979830972108279,0.9201227767562898,0.9977826696428874,0.9989419028231717,0.9765769868518679,0.9909527334142898,0.9868470861569206,0.9963215134386024,0.9990037752364991,0.9966938530369883,0.9595020387972834,0.9876697989978926,0.932901321692923,0.9870235979702794,0.9981196028750802,0.987702133103218,0.9991345699580557,0.8563556692299242,0.9985061684939813,0.9986566818390075,0.9988754916463394,0.9624924343299888,0.9944031463419795,0.9935829847312871
lh_pericalcarine_thickness,0.8214759358612297,0.9607608453576915,0.950733811028474,0.9879499940485963,0.9053598693750736,0.9780822968078418,0.9791434784050943,0.9699338400511539,0.9871595952409234,0.9181294170986788,0.9828045767561772,0.9688138093896888,1.0,0.9534967791110425,0.9470401584575912,0.9809877827301674,0.8760646909385962,0.9715823349081808,0.9576749283895262,0.9169310218303995,0.9468936179109969,0.9807745132689458,0.9844683815517916,0.9626088146540094,0.9777027406454175,0.9240243398399396,0.9934195904212016,0.9308167644279407,0.9921429719744016,0.9625505959606573,0.9384713438169107,0.9631963492954547,0.8597130191904343,0.9595315942052997,0.9667868908085308,0.957523460402306,0.8921138214416622,0.9503502434264658,0.9593649535275832
lh_postcentral_thickness,0.9194619835464878,0.999045714002782,0.9969573459598045,0.973069808068607,0.9898265851998109,0.9941898291424396,0.9759665187653892,0.9512631732424232,0.986915308357773,0.9934844000110435,0.9897648513272375,0.9979374357386569,0.9534967791110425,1.0,0.9896301390735179,0.993017974491636,0.9202585125796097,0.9953141372827198,0.9995695646976928,0.9811914156814232,0.9915134837251403,0.977769959895645,0.9894697532194956,0.9983027544463676,0.9919095427173596,0.9580180493378201,0.9780004392309735,0.9235784511007266,0.9762971255706563,0.9972707580578514,0.9906867211201518,0.9983272492520084,0.8450541494600199,0.9979846840666572,0.997456679255398,0.9995539576345749,0.9694089086177498,0.9949091965130501,0.9923593899767963
lh_posteriorcingulate_thickness,0.9570534331915619,0.9917235326313368,0.9967495856339015,0.9802447889585454,0.9865359182491759,0.9888961752883608,0.9877255344281403,0.974145854598263,0.9741095129752111,0.9852184889474466,0.975564590311386,0.9886188433863928,0.9470401584575912,0.9896301390735179,1.0,0.9879126046963662,0.9661773007822827,0.9920138413147177,0.99084306522433,0.9960668268204087,0.9983219264149573,0.9864002298336139,0.9803219799690476,0.9937986101783614,0.9918650688399756,0.9885783765095604,0.9773597466815418,0.9646063832132198,0.9603265556621309,0.9959548063319802,0.9994465080083487,0.9836685931678257,0.9096108245594566,0.99447373369948,0.9913596123516862,0.9905286140177639,0.9891482566455457,0.9972421114329363,0.9986355672481381
lh_precuneus_thickness,0.9013177339660549,0.9961351176280943,0.9922035708014977,0.9924605143186169,0.9698578666081087,0.9994169413189008,0.9919857678591764,0.9754598331806301,0.9972512325324874,0.9765166803855561,0.9972507404367569,0.9979830972108279,0.9809877827301674,0.993017974491636,0.9879126046963662,1.0,0.9247892596745204,0.9981319853414068,0.9948933722784785,0.9727677456910747,0.9892155061934661,0.9933353753605675,0.9986936180898096,0.9968277991274095,0.9992394384794482,0.9636790573766825,0.995535443812039,0.9461874589807813,0.9916992320555614,0.9966059677600261,0.9850467092798374,0.9951633144237877,0.8742385021773901,0.9958684253431879,0.9972093131227638,0.9947362163580681,0.9569514133013901,0.9918206640274106,0.9937934476677872
lh_rostralanteriorcingulate_thickness,0.9796134053390725,0.9278091448073892,0.9454182231604102,0.9374773486539232,0.9334353842269596,0.925355109426122,0.9539552282699147,0.9608552390974038,0.8976754883234561,0.9237519325697101,0.8974434030412466,0.9201227767562898,0.8760646909385962,0.9202585125796097,0.9661773007822827,0.9247892596745204,1.0,0.9325071487082253,0.9244235066908977,0.9746777346492235,0.9609074120687241,0.9473965505833194,0.9109347853770181,0.9343594448720173,0.9383474592246832,0.9923549150460107,0.9189954496585968,0.9840095093667593,0.8772827954451022,0.9414627984604188,0.9637420161164051,0.9068318419696966,0.9734123424265517,0.9376187069558553,0.9277110838571041,0.9234897596492955,0.97804046107741,0.9518913668401207,0.9576159143777765
lh_superiorparietal_thickness,0.9180781431936762,0.9977365867044428,0.9967308422313782,0.987523286942632,0.9781802161818653,0.9993055553082509,0.9898100885098929,0.9714826357589778,0.9921651935343125,0.9847203987614535,0.9926836735107972,0.9977826696428874,0.9715823349081808,0.9953141372827198,0.9920138413147177,0.9981319853414068,0.9325071487082253,1.0,0.9971186164323312,0.9798964226464092,0.9936689266435885,0.9892331817405732,0.9941821804422103,0.9985449632307641,0.9981348805325019,0.9694142050792911,0.9905977297811114,0.9471991149359108,0.9838591312522061,0.9983071970816851,0.9903316873640337,0.9948488392203901,0.8778081132514921,0.9973159942558092,0.9995681976711982,0.997117559361201,0.9677171309927229,0.9955627342782424,0.9951591725502672
lh_supramarginal_thickness,0.9199311512814503,0.9998348335061866,0.9978790022329491,0.9769795619016608,0.9880784358559996,0.9958471497540369,0.9800015869111265,0.9570867543215075,0.9890283034758672,0.992935405795739,0.9914831224537586,0.9989419028231717,0.9576749283895262,0.9995695646976928,0.99084306522433,0.9948933722784785,0.9244235066908977,0.9971186164323312,1.0,0.9820092008765372,0.9933036702039387,0.9816140912991579,0.9915161883536295,0.9993651301252755,0.994157395898785,0.9618003119942374,0.9811116900147484,0.9299151543224912,0.978938691021505,0.9984382272000415,0.9912560999481055,0.9985566051474559,0.8539692120150202,0.9990160754317159,0.9987542751522391,0.9999883098405268,0.9704415794943984,0.9963918884755403,0.9938279344494042
lh_frontalpole_thickness,0.9751475483461232,0.9826384670059511,0.9912406964244982,0.962742582452251,0.989048111903346,0.9745435492780594,0.974245449649189,0.9611566804802565,0.9544844812704065,0.98497030574525,0.9572959683272775,0.9765769868518679,0.9169310218303995,0.9811914156814232,0.9960668268204087,0.9727677456910747,0.9746777346492235,0.9798964226464092,0.9820092008765372,1.0,0.9954316162163421,0.9719863358333322,0.9631110582533979,0.984783126132455,0.9790081681931533,0.9897026691474621,0.9564698314861839,0.9590248816654323,0.9360772368191416,0.9872232322605423,0.9974046043579731,0.9718320946866609,0.9098229470914795,0.986690381222332,0.980168625386757,0.9815731205365708,0.9976589555453805,0.9930263209829682,0.991793063200179
lh_temporalpole_thickness,0.9521291159267201,0.9942268007997421,0.9981498491170253,0.9799368097653028,0.9870825204551884,0.9904924176366229,0.9872064992611561,0.972851899772615,0.9770821406627241,0.9888900850030748,0.9787378320961538,0.9909527334142898,0.9468936179109969,0.9915134837251403,0.9983219264149573,0.9892155061934661,0.9609074120687241,0.9936689266435885,0.9933036702039387,0.9954316162163421,1.0,0.9856756769397136,0.9827758771709522,0.9957854155516417,0.9929517841321648,0.9859499192980726,0.976978017103578,0.9599179709165963,0.9634094422616939,0.996780999266462,0.9980279971138797,0.9869051579816909,0.901949479465183,0.9964190714389062,0.9934669986980034,0.9930179579380888,0.9884642650733759,0.9994783847063567,0.9979784539815129
lh_insula_thickness,0.907581157423534,0.9846727872503681,0.9829788139990285,0.9980466405491886,0.9539607626472975,0.9905873776815322,0.9986073510691557,0.992800940521182,0.9884863850824079,0.9582187431192836,0.9870373651491425,0.9868470861569206,0.9807745132689458,0.977769959895645,0.9864002298336139,0.9933353753605675,0.9473965505833194,0.9892331817405732,0.9816140912991579,0.9719863358333322,0.9856756769397136,1.0,0.9919984430010491,0.9872564487358005,0.9956935408766587,0.9766273547252811,0.9948924332495318,0.9718280435591945,0.9835682319423097,0.9893085651640118,0.9810187704715653,0.9800241631599566,0.9162558462244762,0.9874748122146534,0.985782398134491,0.9811083707713603,0.956773124737031,0.9856982228455232,0.9921954014413755
rh_bankssts_thickness,0.8819135226386022,0.993100122528104,0.9861613873159035,0.9917027852339483,0.961363966119135,0.9968966558346897,0.9889364466245318,0.9726103652229315,0.999410741284257,0.9695035422032479,0.9992881953194315,0.9963215134386024,0.9844683815517916,0.9894697532194956,0.9803219799690476,0.9986936180898096,0.9109347853770181,0.9941821804422103,0.9915161883536295,0.9631110582533979,0.9827758771709522,0.9919984430010491,1.0,0.9932832761100763,0.9969239495439199,0.953066406587608,0.9953413406713917,0.9373118462668577,0.9961052492329086,0.9924558850242081,0.9768566592350126,0.9943116374976831,0.8611045717174722,0.9924628566431045,0.9933295443484976,0.9912876964375293,0.9444807126298244,0.9864421778984104,0.988754096211818
rh_caudalmiddlefrontal_thickness,0.924471273172836,0.9997680039207372,0.998605676591911,0.9831515825465175,0.985669625444729,0.997446047606866,0.9862982139275849,0.96669913845905,0.9903192478066999,0.9902344990761612,0.9920578573270775,0.9990037752364991,0.9626088146540094,0.9983027544463676,0.9937986101783614,0.9968277991274095,0.9343594448720173,0.9985449632307641,0.9993651301252755,0.984783126132455,0.9957854155516417,0.9872564487358005,0.9932832761100763,1.0,0.9970541574341606,0.969418889354074,0.9854905797926011,0.9420687513495963,0.9804954912437356,0.9996733598212303,0.9932979850625907,0.9972580083591098,0.8708349276162723,0.9997531142641795,0.9992026826681942,0.9992578077298767,0.9732016696123347,0.9979921473115849,0.9967533484302921
rh_fusiform_thickness,0.9139496202369125,0.9957358764476157,0.9937723758047095,0.9942583675186372,0.9715397575451048,0.9987421799889823,0.995293494059284,0.981457465391406,0.9943154833462463,0.9769956759989566,0.9941621359982032,0.9966938530369883,0.9777027406454175,0.9919095427173596,0.9918650688399756,0.9992394384794482,0.9383474592246832,0.9981348805325019,0.994157395898785,0.9790081681931533,0.9929517841321648,0.9956935408766587,0.9969239495439199,0.9970541574341606,1.0,0.9729950089151244,0.9949013903710138,0.9568998475287893,0.9873825634573911,0.9974563967263458,0.9888865069872474,0.9927686319012363,0.8906642682235804,0.996503004598067,0.9967032881664318,0.9938987799028498,0.9647796983276101,0.9943773563425652,0.996598283197854
rh_lateralorbitofrontal_thickness,0.9713928750820868,0.9644985134568023,0.9760769093125133,0.9701962843522303,0.9594917118699694,0.9645594734768714,0.9818366063976673,0.9812750193137219,0.9435931008396028,0.9560103611169752,0.9431780080094333,0.9595020387972834,0.9240243398399396,0.9580180493378201,0.9885783765095604,0.9636790573766825,0.9923549150460107,0.9694142050792911,0.9618003119942374,0.9897026691474621,0.9859499192980726,0.9766273547252811,0.953066406587608,0.969418889354074,0.9729950089151244,1.0,0.9584324609077993,0.9888035114923706,0.9274278395192045,0.9741002527545761,0.9859215168022774,0.9491098836389621,0.9590707554940004,0.9710228846564272,0.9656115743374047,0.9611638601982708,0.987606145179906,0.9802995982470539,0.9841224692028021
rh_lingual_thickness,0.8794213650250312,0.9835256307808145,0.9786065695123978,0.9977643616677334,0.9449636049285665,0.9939738665216721,0.9944626837326651,0.9838704506035638,0.9948171038620888,0.952885123625599,0.9924152535035123,0.9876697989978926,0.9934195904212016,0.9780004392309735,0.9773597466815418,0.995535443812039,0.9189954496585968,0.9905977297811114,0.9811116900147484,0.9564698314861839,0.976978017103578,0.9948924332495318,0.9953413406713917,0.9854905797926011,0.9949013903710138,0.9584324609077993,1.0,0.9545434119590955,0.9931387974594882,0.9861203767401262,0.9715259275520517,0.9823052397391404,0.8880183048193201,0.9837605455491818,0.9871743976261792,0.9808595256396192,0.9374364474922829,0.9788265142195304,0.9851667578278961
rh_medialorbitofrontal_thickness,0.935875143912287,0.9348707883536354,0.9458427025241631,0.9699910410739596,0.9118419814457848,0.9450405816526459,0.978351059361375,0.9897909637002944,0.9283445287665013,0.9098534066457287,0.9242704326202229,0.932901321692923,0.9308167644279407,0.9235784511007266,0.9646063832132198,0.9461874589807813,0.9840095093667593,0.9471991149359108,0.9299151543224912,0.9590248816654323,0.9599179709165963,0.9718280435591945,0.9373118462668577,0.9420687513495963,0.9568998475287893,0.9888035114923706,0.9545434119590955,1.0,0.9175153591169501,0.948448737761056,0.9571789663494309,0.9178486364646251,0.9838467753786021,0.9431289094845745,0.9392500098783191,0.9290245480281601,0.9531638330233457,0.9523516921034428,0.9628094854051953
rh_parsopercularis_thickness,0.8389237176424456,0.9808003645683138,0.9693357255935562,0.9861665565368077,0.93688322167268,0.9889118175866299,0.9790562640738737,0.9621257011199793,0.9982397295779751,0.9491151564619504,0.9970127406518425,0.9870235979702794,0.9921429719744016,0.9762971255706563,0.9603265556621309,0.9916992320555614,0.8772827954451022,0.9838591312522061,0.978938691021505,0.9360772368191416,0.9634094422616939,0.9835682319423097,0.9961052492329086,0.9804954912437356,0.9873825634573911,0.9274278395192045,0.9931387974594882,0.9175153591169501,1.0,0.9787909747538748,0.9551768502196774,0.9855342567544543,0.8349439170777192,0.9786491096668781,0.9824701379348468,0.9788298142569106,0.912859307268194,0.968831647868821,0.9724509155495543
rh_parstriangularis_thickness,0.9302039134201922,0.999025531000531,0.9988235404573352,0.9847271009068141,0.9857423990145389,0.9969938389547368,0.9884393421564905,0.9703863160457614,0.9889322380804771,0.9890157586306655,0.9905081228704337,0.9981196028750802,0.9625505959606573,0.9972707580578514,0.9959548063319802,0.9966059677600261,0.9414627984604188,0.9983071970816851,0.9984382272000415,0.9872232322605423,0.996780999266462,0.9893085651640118,0.9924558850242081,0.9996733598212303,0.9974563967263458,0.9741002527545761,0.9861203767401262,0.948448737761056,0.9787909747538748,1.0,0.9951837940752898,0.9955560460143228,0.8806109456475937,0.9996270531734599,0.9985610479733086,0.9982838337231869,0.9761665693352861,0.9983816253988084,0.9983103596793979
rh_posteriorcingulate_thickness,0.961019298544189,0.991637554247113,0.9971482226293841,0.9738711582411779,0.9911525520651021,0.9865549089421946,0.9822652134152396,0.966365541003369,0.9703636379789485,0.989092489064522,0.9726079411954692,0.987702133103218,0.9384713438169107,0.9906867211201518,0.9994465080083487,0.9850467092798374,0.9637420161164051,0.9903316873640337,0.9912560999481055,0.9974046043579731,0.9980279971138797,0.9810187704715653,0.9768566592350126,0.9932979850625907,0.9888865069872474,0.9859215168022774,0.9715259275520517,0.9571789663494309,0.9551768502196774,0.9951837940752898,1.0,0.9836853003350865,0.9002629609248437,0.9941331584133749,0.9905430388448017,0.9909829432373748,0.9916043309438208,0.9971847012035918,0.9972249791439601
rh_precentral_thickness,0.8986644576261322,0.9984466245856974,0.9930813749838353,0.9762949954049762,0.9813807137500422,0.9951571745647724,0.9766100590537746,0.9522606109414993,0.993123503618103,0.9878090319048914,0.9955393794418422,0.9991345699580557,0.9631963492954547,0.9983272492520084,0.9836685931678257,0.9951633144237877,0.9068318419696966,0.9948488392203901,0.9985566051474559,0.9718320946866609,0.9869051579816909,0.9800241631599566,0.9943116374976831,0.9972580083591098,0.9927686319012363,0.9491098836389621,0.9823052397391404,0.9178486364646251,0.9855342567544543,0.9955560460143228,0.9836853003350865,1.0,0.835196360492416,0.9967623191769703,0.9968014684567602,0.9985401807158321,0.9570607997264607,0.9914640864180395,0.989241510780437
rh_rostralanteriorcingulate_thickness,0.9159934316233952,0.8605519611014503,0.8796487879587429,0.9124873747520695,0.8419846028502815,0.8728843452115992,0.9263023284756369,0.9517916698261792,0.8484850169319256,0.8358677736140023,0.8427552662560928,0.8563556692299242,0.8597130191904343,0.8450541494600199,0.9096108245594566,0.8742385021773901,0.9734123424265517,0.8778081132514921,0.8539692120150202,0.9098229470914795,0.901949479465183,0.9162558462244762,0.8611045717174722,0.8708349276162723,0.8906642682235804,0.9590707554940004,0.8880183048193201,0.9838467753786021,0.8349439170777192,0.8806109456475937,0.9002629609248437,0.835196360492416,1.0,0.8729754924707528,0.8666841609718486,0.8528286692898658,0.9110389009658263,0.8892427184501192,0.9030674720900987
rh_superiorfrontal_thickness,0.9276580913186193,0.9995353494161004,0.9985576597404051,0.982345771754373,0.9869032696391059,0.9960571506091385,0.9859412407218628,0.96700678171707,0.9889469079879692,0.9905884341468205,0.9909815103199411,0.9985061684939813,0.9595315942052997,0.9979846840666572,0.99447373369948,0.9958684253431879,0.9376187069558553,0.9973159942558092,0.9990160754317159,0.986690381222332,0.9964190714389062,0.9874748122146534,0.9924628566431045,0.9997531142641795,0.996503004598067,0.9710228846564272,0.9837605455491818,0.9431289094845745,0.9786491096668781,0.9996270531734599,0.9941331584133749,0.9967623191769703,0.8729754924707528,1.0,0.9981084033881473,0.9988366116717524,0.9754290205909514,0.9984691084821139,0.9973668864027139
rh_superiorparietal_thickness,0.9179740110748759,0.9989509222386396,0.9975577085601067,0.9831544177865119,0.9822583886859845,0.9985546462936483,0.9857083507142266,0.9649757607852246,0.9913894847442221,0.9886564559974512,0.9926404597534695,0.9986566818390075,0.9667868908085308,0.997456679255398,0.9913596123516862,0.9972093131227638,0.9277110838571041,0.9995681976711982,0.9987542751522391,0.980168625386757,0.9934669986980034,0.985782398134491,0.9933295443484976,0.9992026826681942,0.9967032881664318,0.9656115743374047,0.9871743976261792,0.9392500098783191,0.9824701379348468,0.9985610479733086,0.9905430388448017,0.9968014684567602,0.8666841609718486,0.9981084033881473,1.0,0.998800990901642,0.9683356081879649,0.9959438533309654,0.9943639251081331
rh_supramarginal_thickness,0.9194551956916178,0.9997644939946286,0.9978045707979939,0.976486579254106,0.9880635392433558,0.9957818098639833,0.9795281196730318,0.9563131826601139,0.9889002000194203,0.9930928146919092,0.9913737350089356,0.9988754916463394,0.957523460402306,0.9995539576345749,0.9905286140177639,0.9947362163580681,0.9234897596492955,0.997117559361201,0.9999883098405268,0.9815731205365708,0.9930179579380888,0.9811083707713603,0.9912876964375293,0.9992578077298767,0.9938987799028498,0.9611638601982708,0.9808595256396192,0.9290245480281601,0.9788298142569106,0.9982838337231869,0.9909829432373748,0.9985401807158321,0.8528286692898658,0.9988366116717524,0.998800990901642,1.0,0.9700846405319716,0.9961658708670232,0.9934619043977572
rh_frontalpole_thickness,0.9864595963582394,0.9707074081176609,0.9830551215735334,0.9453101523669838,0.9855921589454983,0.9599285175541522,0.9604820173758949,0.9476085853193199,0.9345004730933536,0.980229872753796,0.9379879660463176,0.9624924343299888,0.8921138214416622,0.9694089086177498,0.9891482566455457,0.9569514133013901,0.97804046107741,0.9677171309927229,0.9704415794943984,0.9976589555453805,0.9884642650733759,0.956773124737031,0.9444807126298244,0.9732016696123347,0.9647796983276101,0.987606145179906,0.9374364474922829,0.9531638330233457,0.912859307268194,0.9761665693352861,0.9916043309438208,0.9570607997264607,0.9110389009658263,0.9754290205909514,0.9683356081879649,0.9700846405319716,1.0,0.9847817603022287,0.9816831515571776
rh_temporalpole_thickness,0.9441074400218958,0.9970593213693333,0.9992146757689598,0.9800474935412007,0.9886462425020592,0.9928907076166837,0.986182913512823,0.9695531212665769,0.9815679204921078,0.9914241549031106,0.9835351591148398,0.9944031463419795,0.9503502434264658,0.9949091965130501,0.9972421114329363,0.9918206640274106,0.9518913668401207,0.9955627342782424,0.9963918884755403,0.9930263209829682,0.9994783847063567,0.9856982228455232,0.9864421778984104,0.9979921473115849,0.9943773563425652,0.9802995982470539,0.9788265142195304,0.9523516921034428,0.968831647868821,0.9983816253988084,0.9971847012035918,0.9914640864180395,0.8892427184501192,0.9984691084821139,0.9959438533309654,0.9961658708670232,0.9847817603022287,1.0,0.9979632735207276
rh_transversetemporal_thickness,0.9419244532927452,0.9950849402050416,0.9970147194064031,0.9871801165442265,0.9830134892347818,0.9936689514778623,0.9920667376892743,0.9786849802619105,0.9836284575790931,0.9836150164142833,0.9847055666968394,0.9935829847312871,0.9593649535275832,0.9923593899767963,0.9986355672481381,0.9937934476677872,0.9576159143777765,0.9951591725502672,0.9938279344494042,0.991793063200179,0.9979784539815129,0.9921954014413755,0.988754096211818,0.9967533484302921,0.996598283197854,0.9841224692028021,0.9851667578278961,0.9628094854051953,0.9724509155495543,0.9983103596793979,0.9972249791439601,0.989241510780437,0.9030674720900987,0.9973668864027139,0.9943639251081331,0.9934619043977572,0.9816831515571776,0.9979632735207276,1.0
